SGD_ID	Gene_ID	FermDensityFC	RespDensityFC	CLS	MeanRLS	MaxRLS
YLR304C	ACO1	0.687529294	0.494351019	17	26.193	52
YJL200C	ACO2	1.076951741	0.915066773	46	27.414	58
YEL052W	AFG1	1.253650553	1.395776494	44	24.4	33
YER017C	AFG3	0.233096681	0.545363981	19	27.633	69
YAL046C	AIM1	NA	NA	39	NA	NA
YJR100C	AIM25	1.104346201	1.214071709	29	27.52	47
YPR004C	AIM45	1.137492823	1.222323143	40	30.48	53
YER069W	ARG5	NA	NA	50	NA	NA
YDR380W	ARO10	0.934009115	1.052850433	41	30.008	47
YGL180W	ATG1	0.964270028	1.043202388	31	27.496	74
YPL149W	ATG5	1.005496919	0.929070706	50	26.289	52
YBL099W	ATP1	0.362580817	0.47641904	5	7.575	27
YJL180C	ATP12	0.266181361	0.412256724	3	7.625	23
YJR121W	ATP2	0.084536425	0.472970686	19	14.223	46
YBL098W	BNA4	1.170129675	1.181596434	35	32.6	39
YKR036C	CAF4	0.896507857	1.050392056	40	27.4	38
YCL064C	CHA1	1.360740294	1.13048167	41	27.785	51
YGR207C	CIR1	0.827513094	1.049838297	40	21.2	31
YOR356W	CIR2	1.184904141	1.324192571	39	27.8	36
YGR110W	CLD1	1.137492823	0.951924157	35	27	46
YBR003W	COQ1	0.724189147	0.57882076	7	20.364	42
YOL008W	COQ10	0.565700821	0.587625901	42	32.4	43
YLR290C	COQ11	1.140640531	1.798626654	18	30.2	35
YNR041C	COQ2	0.61304149	0.579554522	6	24.867	48
YOL096C	COQ3	1.088506468	0.56634681	15	21.086	38
YDR204W	COQ4	0.60686662	0.575885713	5	17.533	30
YML110C	COQ5	0.746830336	0.57882076	10	21.657	42
YGR255C	COQ6	0.70152052	0.478549488	27	26	37
YOR125C	COQ7	0.648032419	0.576619475	46	21.067	42
YLR201C	COQ9	0.697431378	0.567814334	22	18.733	45
YPL172C	COX10	0.725524124	0.489011494	10	26.985	52
YLR038C	COX12	0.735993922	0.482069812	31	19.4	27
YHR116W	COX23	0.594264343	0.484536146	40	27.205	54
YLR348C	DIC1	1.21099904	0.754344566	42	23.267	44
YLL001W	DNM1	1.111151388	1.04705601	33	25.848	49
YCL045C	EMC1	1.098693099	1.211394884	46	19.4	34
YJR088C	EMC2	1.187176567	1.072894788	39	30.8	35
YKL207W	EMC3	NA	NA	33	NA	NA
YGL231C	EMC4	1.00340321	0.972299981	39	20.4	28
YIL027C	EMC5	NA	NA	40	NA	NA
YLL014W	EMC6	1.071467417	0.995626313	41	21	43
YLR056W	ERG3	0.428260667	0.621676052	41	26.2	41
YMR015C	ERG5	0.724839229	0.466039943	40	25.933	49
YNL125C	ESBP6	1.079189062	1.063304365	40	23.956	47
YKL187C	FAT3	0.843764647	1.015801531	41	22	27
YDR539W	FDC1	1.122493366	1.222024837	39	20.6	30
YIL065C	FIS1	1.554611743	0.947392909	34	25.4	33
YER182W	FMP10	1.122515571	1.271897558	37	23.15	45
YDR070C	FMP16	0.976177528	0.992710521	28	18.6	29
YBR269C	FMP21	NA	NA	40	NA	NA
YLR077W	FMP25	0.922187682	0.782962588	39	22.6	33
YLR454W	FMP27	0.993193579	0.929292056	43	23.96	56
YPL103C	FMP30	1.183740049	1.583229424	47	33.6	49
YPL222W	FMP40	1.167861279	1.241244898	34	33.4	48
YNL168C	FMP41	1.022683957	1.352588697	49	22.4	34
YMR221C	FMP42	NA	NA	39	NA	NA
YER004W	FMP52	1.127030157	1.229315205	42	21.2	31
YGL220W	FRA2	0.938966172	0.926350072	38	19.2	23
YOR271C	FSF1	1.154086785	1.165193667	37	23.8	38
YBR179C	FZO1	0.55949498	0.547025257	45	26.118	54
YAL048C	GEM1	1.123680671	1.150885952	35	31.689	55
YHR100C	GEP4	0.224824946	0.601417723	29	15	24
YPL059W	GRX5	0.172672495	0.38843056	23	21	23
YDL119C	HEM25	0.569004823	0.530102658	35	25.6	36
YMR110C	HFD1	1.504281037	2.036805342	39	27.6	38
YER078C	ICP55	1.019453079	0.977186408	40	25.4	34
YNL037C	IDH1	0.867083356	0.900582036	37	32.592	67
YOR136W	IDH2	0.89972955	0.682652592	47	30.841	63
YJL082W	IML2	1.028446791	1.206492084	30	17.6	21
YGR031W	IMO32	0.950218116	1.099804507	48	28.6	43
YER019W	ISC1	0.592262662	0.758502744	43	13.089	37
YPL135W	ISU1	1.289247272	1.698843674	42	35.2	44
YOR226C	ISU2	1.021229158	1.337792901	38	19.8	38
YIL125W	KGD1	0.884311821	0.711036331	41	25.651	56
YDR148C	KGD2	0.854822677	0.667956885	21	24.188	51
YLR239C	LIP2	0.619905037	0.526612477	10	30.8	46
YLL007C	LMO1	0.912892032	0.91404545	24	18.8	33
YKL150W	MCR1	0.995336258	0.885438903	19	25.4	39
YAL010C	MDM10	NA	NA	36	NA	NA
YOL009C	MDM12	0.117744548	0.273297146	49	14.6	18
YLR368W	MDM30	0.875278699	0.678266106	51	27.24	50
YOR147W	MDM32	1.181471653	1.71114224	38	20.72	35
YKL053C-A	MDM35	0.530013451	0.725955002	38	16.8	21
YPR083W	MDM36	1.03431526	1.023811734	43	21.8	25
YOL027C	MDM38	0.829773421	0.815648809	41	28.043	55
YJL112W	MDV1	1.140643169	1.150068649	40	25.8	39
YLR069C	MEF1	0.120884656	0.48710865	12	31.44	69
YJL102W	MEF2	0.624568779	0.486450253	11	32.424	73
YJR010W	MET3	0.891774949	0.897783778	40	31.506	58
YOR211C	MGM1	0.37904714	0.525428662	9	23.293	48
YGR235C	MIC26	1.002779011	0.647314205	58	22	28
YDR031W	MIX14	NA	NA	37	NA	NA
YMR002W	MIX17	NA	NA	55	NA	NA
YBL107C	MIX23	1.197889073	1.035464647	40	35.4	50
YLL006W	MMM1	0.161719898	0.370663722	40	19.2	25
YNL249C	MPA43	0.973923775	1.143167845	36	22.2	29
YGL080W	MPC1	NA	NA	40	NA	NA
YHR162W	MPC2	1.136128413	0.943871014	37	34	64
YGR243W	MPC3	NA	NA	40	NA	NA
YJL066C	MPM1	1.147917999	1.075121562	39	23.6	29
YDR347W	MRP1	0.680965058	0.567814334	14	19	34
YDL045W-A	MRP10	1.108799433	0.532073768	40	18.844	37
YNL005C	MRP7	0.790054425	0.594229756	32	18.643	34
YDL202W	MRPL11	0.892968923	0.573684428	7	19.432	38
YBL095W	MRX3	0.934707614	1.38977109	31	25.8	37
YPL168W	MRX4	1.005279271	1.196301608	37	28.4	38
YDR493W	MZM1	NA	NA	36	NA	NA
YGL221C	NIF3	0.893324534	1.079155299	20	22	25
YDR150W	NUM1	0.989385421	0.789571635	30	8.8	11
YKL134C	OCT1	NA	NA	32	NA	NA
YBR230C	OM14	NA	NA	45	NA	NA
YIL136W	OM45	NA	NA	38	NA	NA
YGR132C	PHB1	1.072254295	1.108518706	36	14.53	38
YGR231C	PHB2	1.116718477	1.162161476	41	14.105	41
YBR093C	PHO5	1.098184854	1.071988651	26	27.2	45
YGR086C	PIL1	0.931253588	0.910556572	34	29.267	51
YMR006C	PLB2	1.014223395	1.032982264	36	22.6	33
YNL055C	POR1	0.364688335	0.421971845	40	12.448	43
YOR090C	PTC5	1.242878214	1.209122097	33	28	47
YCR079W	PTC6	0.923843272	0.90754602	33	24.544	43
YHR076W	PTC7	0.917668402	0.906812259	42	24	36
YHR189W	PTH1	0.855395479	0.545029109	39	22.2	33
YJR091C	PUF1	0.949977796	0.948206981	38	22.4	35
YPR042C	PUF2	0.905513614	0.839071692	34	20.8	24
YLL013C	PUF3	0.783237115	0.871134037	44	23.659	40
YDR529C	QCR7	1.140640531	0.482383887	24	15.52	31
YBR005W	RCR1	1.125921031	1.030944664	39	28.68	56
YOR285W	RDL1	1.495448276	1.004818149	31	23.8	26
YOR286W	RDL2	NA	NA	37	NA	NA
YEL024W	RIP1	0.734496617	0.420294781	10	22.991	55
YBR024W	SCO2	1.002639635	0.876875915	40	28.667	51
YKL148C	SDH1	0.964441511	0.664587144	12	32.754	55
YDR393W	SHE9	0.229566077	0.442655638	42	19.4	27
YGR112W	SHY1	0.775630992	0.446522389	14	28.586	55
YHR008C	SOD2	0.717843616	0.91572517	38	25.827	71
YLR369W	SSQ1	0.10837538	0.528751215	9	17.86	36
YML052W	SUR7	0.898065666	0.890990822	39	20.6	26
YLR251W	SYM1	1.327138096	1.338647017	49	21.4	25
YPR140W	TAZ1	1.154086785	1.262181049	33	21.8	31
YGR181W	TIM13	1.105585416	0.993611486	38	21.2	31
YNL121C	TOM70	0.525886817	0.534335152	43	16.565	32
YJR066W	TOR1	1.076956862	1.010316988	51	31.554	75
YLR168C	UPS2	NA	NA	52	NA	NA
YDR185C	UPS3	0.969766947	1.173454364	45	29	35
YDL077C	VPS39	0.758135577	0.474478415	40	16	22
YBR242W	YBR242W	0.949977796	0.98273566	50	27.65	42
YDL157C	YDL157C	0.853092131	0.468673531	40	32.4	58
YDR109C	YDR109C	1.162159102	0.957442424	39	30.84	55
YDR282C	YDR282C	1.101692996	0.965180165	24	31.578	58
YFR045W	YFR045W	0.995336258	0.968396939	45	22.4	32
YGR015C	YGR015C	1.130381125	0.922221315	27	21.4	25
YMR241W	YHM2	1	1.0469578	40	34.6	40
YJL045W	YJL045W	1.1043049	0.916146786	42	24.44	37
YJR120W	YJR120W	1.002331871	0.55558195	48	19.2	28
YKR018C	YKR018C	1.154086785	1.233336054	31	26.4	30
YKR070W	YKR070W	1.253650553	1.303543363	36	24.8	32
YHL014C	YLF2	1.163569048	1.523113278	42	21.2	31
YPR125W	YLH47	1.292999529	1.347883619	44	31.12	54
YLR253W	YLR253W	1.150255166	0.944967869	42	18	45
YPR058W	YMC1	1.023756719	0.915206998	31	18.2	28
YPR024W	YME1	0.609333962	0.820540838	30	15.237	47
YMR302C	YME2	1.013198177	1.089439194	40	20.4	26
YKL067W	YNK1	1.052801216	0.974720074	40	23	30
YNL200C	YNL200C	1.172298704	1.123316711	44	17.6	26
YPL109C	YPL109C	0.771529816	0.858383984	39	26.908	56
YPR011C	YPR011C	1.13198177	0.959926595	32	25.924	58
YPR098C	YPR098C	1.277356212	1.181713034	31	18.4	28
YMR089C	YTA12	0.757153544	0.415160594	24	21.046	49
